able 1 5 0.000730 0.002160
above 2 0 0.001096 0.000360
absolutely 2 1 0.001096 0.000720
ac 2 0 0.001096 0.000360
accident 1 1 0.000730 0.000720
accommodate 2 0 0.001096 0.000360
according 2 0 0.001096 0.000360
accurate 2 0 0.001096 0.000360
act 0 4 0.000365 0.001800
acting 2 0 0.001096 0.000360
activity 0 2 0.000365 0.001080
actually 6 1 0.002557 0.000720
added 0 2 0.000365 0.001080
additional 2 0 0.001096 0.000360
advice 1 1 0.000730 0.000720
again 5 4 0.002191 0.001800
against 1 2 0.000730 0.001080
agree 2 0 0.001096 0.000360
air 0 4 0.000365 0.001800
alarm 2 0 0.001096 0.000360
allow 0 2 0.000365 0.001080
almonds 2 0 0.001096 0.000360
almost 3 1 0.001461 0.000720
already 3 0 0.001461 0.000360
aluminium 1 1 0.000730 0.000720
always 6 1 0.002557 0.000720
amazing 8 0 0.003287 0.000360
amazon 13 11 0.005113 0.004320
among 2 0 0.001096 0.000360
amount 2 2 0.001096 0.001080
another 5 1 0.002191 0.000720
answer 1 1 0.000730 0.000720
anti 0 2 0.000365 0.001080
anybody 1 2 0.000730 0.001080
anyone 0 3 0.000365 0.001440
anything 1 3 0.000730 0.001440
apart 1 1 0.000730 0.000720
app 1 1 0.000730 0.000720
applied 3 3 0.001461 0.001440
apply 3 1 0.001461 0.000720
area 0 2 0.000365 0.001080
around 2 3 0.001096 0.001440
arrest 0 2 0.000365 0.001080
atleast 1 1 0.000730 0.000720
attached 0 3 0.000365 0.001440
available 4 4 0.001826 0.001800
average 2 0 0.001096 0.000360
avoid 0 2 0.000365 0.001080
away 2 4 0.001096 0.001800
awesome 8 2 0.003287 0.001080
awful 0 4 0.000365 0.001800
awsome 2 0 0.001096 0.000360
backup 3 0 0.001461 0.000360
bad 2 20 0.001096 0.007559
bag 4 3 0.001826 0.001440
ball 0 2 0.000365 0.001080
balm 2 1 0.001096 0.000720
bank 1 1 0.000730 0.000720
basic 1 3 0.000730 0.001440
basis 0 2 0.000365 0.001080
bathroom 1 1 0.000730 0.000720
battery 3 0 0.001461 0.000360
beautiful 9 1 0.003652 0.000720
beautifully 2 0 0.001096 0.000360
became 0 2 0.000365 0.001080
becomes 0 2 0.000365 0.001080
been 10 13 0.004018 0.005040
before 2 8 0.001096 0.003240
beginners 0 2 0.000365 0.001080
being 2 3 0.001096 0.001440
believe 0 3 0.000365 0.001440
best 36 3 0.013514 0.001440
bet 2 0 0.001096 0.000360
better 7 7 0.002922 0.002880
between 0 2 0.000365 0.001080
big 1 5 0.000730 0.002160
bigger 2 1 0.001096 0.000720
bike 1 1 0.000730 0.000720
bill 1 2 0.000730 0.001080
biscuits 0 2 0.000365 0.001080
bit 4 6 0.001826 0.002520
bits 3 0 0.001461 0.000360
black 1 3 0.000730 0.001440
blackheads 1 1 0.000730 0.000720
blast 0 2 0.000365 0.001080
blessing 2 0 0.001096 0.000360
blow 0 2 0.000365 0.001080
board 1 1 0.000730 0.000720
body 2 0 0.001096 0.000360
bollywood 2 0 0.001096 0.000360
books 2 3 0.001096 0.001440
boring 0 2 0.000365 0.001080
both 4 3 0.001826 0.001440
bottle 2 8 0.001096 0.003240
bottles 2 0 0.001096 0.000360
bought 13 10 0.005113 0.003960
box 8 5 0.003287 0.002160
brand 5 4 0.002191 0.001800
branded 1 2 0.000730 0.001080
brands 1 1 0.000730 0.000720
bright 2 0 0.001096 0.000360
brightness 0 2 0.000365 0.001080
bristles 0 3 0.000365 0.001440
broke 0 2 0.000365 0.001080
broken 0 7 0.000365 0.002880
brush 3 5 0.001461 0.002160
build 7 2 0.002922 0.001080
bulb 1 2 0.000730 0.001080
buy 15 21 0.005844 0.007919
buying 5 8 0.002191 0.003240
cabbage 0 2 0.000365 0.001080
called 1 8 0.000730 0.003240
came 3 2 0.001461 0.001080
camera 3 4 0.001461 0.001800
can't 0 5 0.000365 0.002160
cannot 1 4 0.000730 0.001800
capacity 2 0 0.001096 0.000360
car 2 3 0.001096 0.001440
carbon 1 2 0.000730 0.001080
care 3 3 0.001461 0.001440
carry 3 0 0.001461 0.000360
category 2 0 0.001096 0.000360
centre 0 2 0.000365 0.001080
change 1 5 0.000730 0.002160
charge 2 3 0.001096 0.001440
charges 1 1 0.000730 0.000720
charging 0 3 0.000365 0.001440
cheap 3 4 0.001461 0.001800
cheated 0 2 0.000365 0.001080
cheating 0 2 0.000365 0.001080
check 0 2 0.000365 0.001080
checked 3 0 0.001461 0.000360
china 0 2 0.000365 0.001080
choice 3 2 0.001461 0.001080
choices 2 0 0.001096 0.000360
cities 0 2 0.000365 0.001080
claims 0 2 0.000365 0.001080
class 2 1 0.001096 0.000720
clean 2 3 0.001096 0.001440
cleaner 1 1 0.000730 0.000720
cleaning 2 3 0.001096 0.001440
clear 1 3 0.000730 0.001440
clinton's 0 2 0.000365 0.001080
clock 3 1 0.001461 0.000720
close 0 2 0.000365 0.001080
closed 1 1 0.000730 0.000720
clothes 4 1 0.001826 0.000720
cloths 2 0 0.001096 0.000360
cm 0 3 0.000365 0.001440
colour 8 11 0.003287 0.004320
colours 4 3 0.001826 0.001440
comes 8 2 0.003287 0.001080
coming 2 0 0.001096 0.000360
comment 1 1 0.000730 0.000720
comments 1 1 0.000730 0.000720
common 0 3 0.000365 0.001440
compact 3 0 0.001461 0.000360
compare 2 0 0.001096 0.000360
compared 2 3 0.001096 0.001440
complaints 1 1 0.000730 0.000720
completely 3 6 0.001461 0.002520
condition 4 4 0.001826 0.001800
conditioner 2 0 0.001096 0.000360
congrats 2 1 0.001096 0.000720
consider 1 1 0.000730 0.000720
consumer 0 3 0.000365 0.001440
container 0 2 0.000365 0.001080
convenient 3 0 0.001461 0.000360
cooker 3 2 0.001461 0.001080
cookies 2 0 0.001096 0.000360
cool 6 1 0.002557 0.000720
cooling 1 1 0.000730 0.000720
copy 0 2 0.000365 0.001080
correctly 2 0 0.001096 0.000360
cosmetics 1 1 0.000730 0.000720
cost 4 1 0.001826 0.000720
costlier 2 0 0.001096 0.000360
couldn't 1 2 0.000730 0.001080
countries 0 2 0.000365 0.001080
country 1 3 0.000730 0.001440
couple 1 2 0.000730 0.001080
courier 0 2 0.000365 0.001080
cover 3 2 0.001461 0.001080
covering 1 1 0.000730 0.000720
coz 0 2 0.000365 0.001080
cream 4 2 0.001826 0.001080
created 0 2 0.000365 0.001080
creates 0 2 0.000365 0.001080
cricket 2 0 0.001096 0.000360
cube 5 3 0.002191 0.001440
current 1 1 0.000730 0.000720
customer 1 2 0.000730 0.001080
cut 1 1 0.000730 0.000720
cute 3 0 0.001461 0.000360
cutting 0 2 0.000365 0.001080
daily 2 1 0.001096 0.000720
damaged 0 3 0.000365 0.001440
damn 0 2 0.000365 0.001080
dandruff 0 2 0.000365 0.001080
date 3 0 0.001461 0.000360
days 2 6 0.001096 0.002520
deal 3 2 0.001461 0.001080
deep 1 1 0.000730 0.000720
defective 0 2 0.000365 0.001080
definitely 3 1 0.001461 0.000720
degree 2 0 0.001096 0.000360
delivered 3 2 0.001461 0.001080
delivery 9 1 0.003652 0.000720
dental 2 0 0.001096 0.000360
dependency 0 2 0.000365 0.001080
dependent 1 1 0.000730 0.000720
described 2 0 0.001096 0.000360
description 3 1 0.001461 0.000720
deserve 1 1 0.000730 0.000720
design 3 2 0.001461 0.001080
designed 2 1 0.001096 0.000720
dettol 4 0 0.001826 0.000360
device 0 3 0.000365 0.001440
diagram 0 2 0.000365 0.001080
diameter 0 2 0.000365 0.001080
did 4 7 0.001826 0.002880
didn 2 1 0.001096 0.000720
didn't 2 13 0.001096 0.005040
difference 1 1 0.000730 0.000720
different 2 5 0.001096 0.002160
difficult 0 3 0.000365 0.001440
digital 0 3 0.000365 0.001440
dip 1 1 0.000730 0.000720
disappointed 0 3 0.000365 0.001440
disappointment 0 2 0.000365 0.001080
discounted 1 2 0.000730 0.001080
disney 1 1 0.000730 0.000720
distance 2 0 0.001096 0.000360
does 5 14 0.002191 0.005400
doesn 0 2 0.000365 0.001080
doesn't 2 9 0.001096 0.003600
dog 2 1 0.001096 0.000720
doing 3 1 0.001461 0.000720
don 1 6 0.000730 0.002520
don't 6 21 0.002557 0.007919
done 6 5 0.002557 0.002160
dont 1 1 0.000730 0.000720
doubt 2 1 0.001096 0.000720
down 1 3 0.000730 0.001440
drama 1 1 0.000730 0.000720
drill 1 1 0.000730 0.000720
dry 4 1 0.001826 0.000720
dryer 0 3 0.000365 0.001440
due 0 4 0.000365 0.001800
durable 2 1 0.001096 0.000720
dust 1 1 0.000730 0.000720
e 2 4 0.001096 0.001800
each 2 3 0.001096 0.001440
ear 0 6 0.000365 0.002520
earlier 2 1 0.001096 0.000720
early 0 2 0.000365 0.001080
easily 0 3 0.000365 0.001440
easy 16 1 0.006209 0.000720
eat 3 0 0.001461 0.000360
economical 2 0 0.001096 0.000360
edges 0 2 0.000365 0.001080
education 1 1 0.000730 0.000720
effect 0 2 0.000365 0.001080
effective 2 2 0.001096 0.001080
effects 2 1 0.001096 0.000720
egg 0 2 0.000365 0.001080
electric 0 2 0.000365 0.001080
elephants 2 1 0.001096 0.000720
else 2 2 0.001096 0.001080
emoticon 1 1 0.000730 0.000720
emotional 3 0 0.001461 0.000360
end 1 1 0.000730 0.000720
energy 0 2 0.000365 0.001080
enjoying 3 0 0.001461 0.000360
enough 4 2 0.001826 0.001080
entire 2 1 0.001096 0.000720
equally 2 0 0.001096 0.000360
especially 2 0 0.001096 0.000360
etc 6 0 0.002557 0.000360
ethnic 2 0 0.001096 0.000360
european 1 1 0.000730 0.000720
evening 2 0 0.001096 0.000360
ever 10 6 0.004018 0.002520
every 7 0 0.002922 0.000360
everyone 1 3 0.000730 0.001440
exactly 3 1 0.001461 0.000720
excellent 6 1 0.002557 0.000720
except 1 1 0.000730 0.000720
excited 1 1 0.000730 0.000720
exist 0 3 0.000365 0.001440
expect 3 3 0.001461 0.001440
expectations 2 0 0.001096 0.000360
expected 3 3 0.001461 0.001440
experience 7 4 0.002922 0.001800
expression 2 0 0.001096 0.000360
external 1 1 0.000730 0.000720
extra 3 4 0.001461 0.001800
extremely 3 0 0.001461 0.000360
eye 1 1 0.000730 0.000720
eyes 0 2 0.000365 0.001080
face 1 6 0.000730 0.002520
facewash 1 1 0.000730 0.000720
fact 0 2 0.000365 0.001080
facts 1 1 0.000730 0.000720
fail 1 1 0.000730 0.000720
fair 2 0 0.001096 0.000360
fake 0 5 0.000365 0.002160
fall 2 2 0.001096 0.001080
family 5 0 0.002191 0.000360
famous 2 0 0.001096 0.000360
fantastic 2 0 0.001096 0.000360
far 1 2 0.000730 0.001080
fast 4 3 0.001826 0.001440
favorite 2 0 0.001096 0.000360
feature 4 0 0.001826 0.000360
features 2 2 0.001096 0.001080
feedback 0 2 0.000365 0.001080
feel 7 4 0.002922 0.001800
feels 2 1 0.001096 0.000720
felt 1 2 0.000730 0.001080
few 3 8 0.001461 0.003240
fi 1 1 0.000730 0.000720
fight 0 2 0.000365 0.001080
file 2 0 0.001096 0.000360
filled 0 3 0.000365 0.001440
film 2 0 0.001096 0.000360
finally 3 0 0.001461 0.000360
find 1 3 0.000730 0.001440
fine 3 0 0.001461 0.000360
finger 1 1 0.000730 0.000720
finish 3 1 0.001461 0.000720
firmware 0 2 0.000365 0.001080
fish 3 0 0.001461 0.000360
fit 1 4 0.000730 0.001800
fits 2 0 0.001096 0.000360
fitting 1 1 0.000730 0.000720
fittings 1 1 0.000730 0.000720
fixed 0 3 0.000365 0.001440
flat 1 1 0.000730 0.000720
flavour 2 0 0.001096 0.000360
flipkart 2 0 0.001096 0.000360
food 1 2 0.000730 0.001080
fool 0 3 0.000365 0.001440
force 0 2 0.000365 0.001080
foul 0 2 0.000365 0.001080
found 3 5 0.001461 0.002160
foundation 2 0 0.001096 0.000360
fragrance 4 2 0.001826 0.001080
free 3 0 0.001461 0.000360
fresh 2 2 0.001096 0.001080
freshness 3 0 0.001461 0.000360
fruits 3 0 0.001461 0.000360
full 3 3 0.001461 0.001440
fully 1 1 0.000730 0.000720
fun 2 0 0.001096 0.000360
further 1 2 0.000730 0.001080
future 2 1 0.001096 0.000720
g 0 6 0.000365 0.002520
game 1 1 0.000730 0.000720
gel 3 1 0.001461 0.000720
general 1 1 0.000730 0.000720
genuine 0 3 0.000365 0.001440
getting 1 3 0.000730 0.001440
gift 5 1 0.002191 0.000720
gifted 0 2 0.000365 0.001080
girls 0 2 0.000365 0.001080
given 2 2 0.001096 0.001080
gives 10 0 0.004018 0.000360
giving 2 2 0.001096 0.001080
gloves 1 1 0.000730 0.000720
glowing 2 0 0.001096 0.000360
god 1 5 0.000730 0.002160
goes 2 2 0.001096 0.001080
going 5 1 0.002191 0.000720
gone 1 1 0.000730 0.000720
good 100 22 0.036888 0.008279
got 9 9 0.003652 0.003600
government 2 1 0.001096 0.000720
great 18 7 0.006939 0.002880
greatly 0 2 0.000365 0.001080
guy 1 1 0.000730 0.000720
had 12 12 0.004748 0.004680
hair 16 5 0.006209 0.002160
hairs 2 0 0.001096 0.000360
half 1 2 0.000730 0.001080
hand 1 1 0.000730 0.000720
handle 2 0 0.001096 0.000360
handles 0 2 0.000365 0.001080
hands 4 0 0.001826 0.000360
handy 3 0 0.001461 0.000360
happiness 2 0 0.001096 0.000360
happy 11 2 0.004383 0.001080
hard 3 3 0.001461 0.001440
hardly 0 4 0.000365 0.001800
harry 2 0 0.001096 0.000360
has 18 26 0.006939 0.009719
having 2 2 0.001096 0.001080
head 0 4 0.000365 0.001800
health 0 2 0.000365 0.001080
hear 1 1 0.000730 0.000720
heavy 2 1 0.001096 0.000720
help 1 2 0.000730 0.001080
helped 5 2 0.002191 0.001080
helpful 2 0 0.001096 0.000360
helps 2 0 0.001096 0.000360
hence 3 0 0.001461 0.000360
here 3 8 0.001461 0.003240
hero 3 0 0.001461 0.000360
high 2 1 0.001096 0.000720
highly 2 3 0.001096 0.001440
himself 0 2 0.000365 0.001080
hold 3 4 0.001461 0.001800
holder 1 2 0.000730 0.001080
holding 2 1 0.001096 0.000720
holes 0 2 0.000365 0.001080
home 4 0 0.001826 0.000360
hook 2 0 0.001096 0.000360
hope 2 3 0.001096 0.001440
horrible 0 2 0.000365 0.001080
hot 1 1 0.000730 0.000720
house 2 0 0.001096 0.000360
however 2 2 0.001096 0.001080
hrs 1 1 0.000730 0.000720
human 0 2 0.000365 0.001080
i'll 1 1 0.000730 0.000720
i'm 2 1 0.001096 0.000720
i've 1 1 0.000730 0.000720
idea 1 1 0.000730 0.000720
ids 0 2 0.000365 0.001080
image 4 4 0.001826 0.001800
imagine 1 2 0.000730 0.001080
immediately 2 0 0.001096 0.000360
important 1 1 0.000730 0.000720
impressive 2 0 0.001096 0.000360
including 3 0 0.001461 0.000360
income 3 0 0.001461 0.000360
increase 0 2 0.000365 0.001080
independence 0 2 0.000365 0.001080
india 5 2 0.002191 0.001080
indian 5 4 0.002191 0.001800
infocus 0 2 0.000365 0.001080
informed 0 2 0.000365 0.001080
initially 1 1 0.000730 0.000720
inside 0 2 0.000365 0.001080
inspiration 3 0 0.001461 0.000360
instead 0 3 0.000365 0.001440
interest 0 3 0.000365 0.001440
interesting 1 3 0.000730 0.001440
internet 0 2 0.000365 0.001080
involved 0 2 0.000365 0.001080
issue 1 1 0.000730 0.000720
issues 1 5 0.000730 0.002160
it's 11 20 0.004383 0.007559
item 2 1 0.001096 0.000720
items 3 1 0.001461 0.000720
itself 2 2 0.001096 0.001080
jabong 2 0 0.001096 0.000360
jewellery 2 0 0.001096 0.000360
job 2 1 0.001096 0.000720
johnson 2 0 0.001096 0.000360
joints 1 1 0.000730 0.000720
juice 0 4 0.000365 0.001800
keep 7 1 0.002922 0.000720
keeps 1 4 0.000730 0.001800
kept 1 2 0.000730 0.001080
kg 2 1 0.001096 0.000720
kid 1 1 0.000730 0.000720
kids 3 1 0.001461 0.000720
kill 1 1 0.000730 0.000720
kind 2 4 0.001096 0.001800
kindle 1 2 0.000730 0.001080
kinds 2 2 0.001096 0.001080
king 2 1 0.001096 0.000720
knives 0 3 0.000365 0.001440
know 2 10 0.001096 0.003960
known 1 1 0.000730 0.000720
knows 1 2 0.000730 0.001080
lakme 0 2 0.000365 0.001080
lamp 3 0 0.001461 0.000360
large 2 3 0.001096 0.001440
last 5 3 0.002191 0.001440
lasting 1 1 0.000730 0.000720
lasts 4 1 0.001826 0.000720
leading 2 0 0.001096 0.000360
least 2 0 0.001096 0.000360
leave 0 2 0.000365 0.001080
leaves 1 2 0.000730 0.001080
led 1 1 0.000730 0.000720
lens 5 1 0.002191 0.000720
less 4 0 0.001826 0.000360
lesser 0 2 0.000365 0.001080
level 2 0 0.001096 0.000360
life 3 2 0.001461 0.001080
light 11 1 0.004383 0.000720
lights 1 1 0.000730 0.000720
like 25 20 0.009496 0.007559
liked 3 0 0.001461 0.000360
liner 0 3 0.000365 0.001440
lip 1 1 0.000730 0.000720
lips 2 3 0.001096 0.001440
list 1 1 0.000730 0.000720
litres 0 2 0.000365 0.001080
little 11 3 0.004383 0.001440
live 3 0 0.001461 0.000360
ll 1 2 0.000730 0.001080
load 0 2 0.000365 0.001080
long 15 5 0.005844 0.002160
looked 0 2 0.000365 0.001080
looking 3 1 0.001461 0.000720
looks 11 10 0.004383 0.003960
loose 0 2 0.000365 0.001080
lost 3 0 0.001461 0.000360
lot 3 8 0.001461 0.003240
love 18 2 0.006939 0.001080
loved 9 1 0.003652 0.000720
lovely 6 0 0.002557 0.000360
low 3 3 0.001461 0.001440
lower 2 0 0.001096 0.000360
m 2 3 0.001096 0.001440
machine 0 3 0.000365 0.001440
made 5 10 0.002191 0.003960
magic 0 2 0.000365 0.001080
magnificent 2 0 0.001096 0.000360
make 6 8 0.002557 0.003240
makes 1 1 0.000730 0.000720
makeup 2 0 0.001096 0.000360
man 1 5 0.000730 0.002160
many 7 9 0.002922 0.003600
market 3 2 0.001461 0.001080
marks 0 2 0.000365 0.001080
mask 2 0 0.001096 0.000360
masses 2 0 0.001096 0.000360
match 1 2 0.000730 0.001080
material 4 4 0.001826 0.001800
matte 2 0 0.001096 0.000360
matter 2 0 0.001096 0.000360
maximum 1 1 0.000730 0.000720
may 5 2 0.002191 0.001080
maybelline 0 3 0.000365 0.001440
mean 2 1 0.001096 0.000720
mentioned 3 2 0.001461 0.001080
mesh 0 2 0.000365 0.001080
mess 1 3 0.000730 0.001440
metal 2 1 0.001096 0.000720
meter 0 2 0.000365 0.001080
might 0 5 0.000365 0.002160
mind 4 0 0.001826 0.000360
minute 1 2 0.000730 0.001080
minutes 1 6 0.000730 0.002520
misfortune 2 0 0.001096 0.000360
missing 1 1 0.000730 0.000720
mistake 0 2 0.000365 0.001080
mm 2 0 0.001096 0.000360
mobile 2 3 0.001096 0.001440
mode 1 1 0.000730 0.000720
money 10 18 0.004018 0.006839
month 2 3 0.001096 0.001440
months 5 6 0.002191 0.002520
mop 0 3 0.000365 0.001440
more 12 19 0.004748 0.007199
morning 3 0 0.001461 0.000360
moto 0 2 0.000365 0.001080
move 4 0 0.001826 0.000360
movie 8 3 0.003287 0.001440
movies 0 3 0.000365 0.001440
mrp 0 2 0.000365 0.001080
much 7 10 0.002922 0.003960
multiple 1 2 0.000730 0.001080
music 2 1 0.001096 0.000720
must 5 0 0.002191 0.000360
nail 2 1 0.001096 0.000720
name 0 5 0.000365 0.002160
natural 2 0 0.001096 0.000360
near 1 2 0.000730 0.001080
necessities 0 2 0.000365 0.001080
need 10 7 0.004018 0.002880
needs 2 3 0.001096 0.001440
neither 1 2 0.000730 0.001080
network 0 2 0.000365 0.001080
never 1 8 0.000730 0.003240
new 1 3 0.000730 0.001440
news 1 2 0.000730 0.001080
next 1 1 0.000730 0.000720
nice 26 3 0.009861 0.001440
night 3 0 0.001461 0.000360
nivea 0 2 0.000365 0.001080
no 12 22 0.004748 0.008279
noise 0 2 0.000365 0.001080
non 2 1 0.001096 0.000720
nor 1 1 0.000730 0.000720
normal 3 2 0.001461 0.001080
not 34 104 0.012783 0.037797
nothing 3 8 0.001461 0.003240
noticed 1 1 0.000730 0.000720
number 1 2 0.000730 0.001080
off 3 8 0.001461 0.003240
offer 1 1 0.000730 0.000720
office 2 0 0.001096 0.000360
oil 3 4 0.001461 0.001800
oily 2 2 0.001096 0.001080
ok 1 3 0.000730 0.001440
old 1 2 0.000730 0.001080
older 1 1 0.000730 0.000720
once 1 5 0.000730 0.002160
online 5 4 0.002191 0.001800
open 0 6 0.000365 0.002520
opened 0 3 0.000365 0.001440
option 1 1 0.000730 0.000720
options 1 2 0.000730 0.001080
order 1 1 0.000730 0.000720
ordered 4 5 0.001826 0.002160
original 3 2 0.001461 0.001080
others 2 1 0.001096 0.000720
outer 0 2 0.000365 0.001080
overall 6 1 0.002557 0.000720
own 1 1 0.000730 0.000720
pack 3 1 0.001461 0.000720
package 0 2 0.000365 0.001080
packaging 3 1 0.001461 0.000720
packed 3 2 0.001461 0.001080
packet 1 3 0.000730 0.001440
packing 4 4 0.001826 0.001800
packs 1 1 0.000730 0.000720
pain 2 2 0.001096 0.001080
parlour 2 0 0.001096 0.000360
part 5 3 0.002191 0.001440
parts 0 2 0.000365 0.001080
past 1 1 0.000730 0.000720
paste 1 1 0.000730 0.000720
pathetic 0 2 0.000365 0.001080
patronus 1 1 0.000730 0.000720
pay 0 2 0.000365 0.001080
pedigree 2 0 0.001096 0.000360
people 9 13 0.003652 0.005040
peoples 0 2 0.000365 0.001080
per 2 1 0.001096 0.000720
perfect 14 1 0.005478 0.000720
performance 2 0 0.001096 0.000360
person 3 1 0.001461 0.000720
personally 1 1 0.000730 0.000720
phone 4 4 0.001826 0.001800
phones 2 0 0.001096 0.000360
photo 1 1 0.000730 0.000720
photography 2 0 0.001096 0.000360
photos 1 1 0.000730 0.000720
picture 3 6 0.001461 0.002520
pictures 2 0 0.001096 0.000360
piece 0 5 0.000365 0.002160
pieces 0 3 0.000365 0.001440
place 2 2 0.001096 0.001080
plain 0 2 0.000365 0.001080
planning 0 3 0.000365 0.001440
plastic 3 3 0.001461 0.001440
plates 0 2 0.000365 0.001080
playing 1 1 0.000730 0.000720
plays 2 1 0.001096 0.000720
pleasant 2 0 0.001096 0.000360
please 1 5 0.000730 0.002160
pls 0 2 0.000365 0.001080
plus 3 0 0.001461 0.000360
point 4 0 0.001826 0.000360
policy 0 3 0.000365 0.001440
politicians 0 2 0.000365 0.001080
politics 0 2 0.000365 0.001080
ponds 0 2 0.000365 0.001080
poor 0 15 0.000365 0.005760
popular 3 0 0.001461 0.000360
possible 0 3 0.000365 0.001440
possibly 0 2 0.000365 0.001080
potter 2 0 0.001096 0.000360
power 2 4 0.001096 0.001800
ppl 0 3 0.000365 0.001440
preferred 2 0 0.001096 0.000360
premium 3 0 0.001461 0.000360
prepare 1 1 0.000730 0.000720
presentation 1 1 0.000730 0.000720
pretty 3 0 0.001461 0.000360
price 24 5 0.009131 0.002160
prime 2 0 0.001096 0.000360
primer 3 0 0.001461 0.000360
print 2 0 0.001096 0.000360
probably 1 2 0.000730 0.001080
problem 1 4 0.000730 0.001800
problems 3 1 0.001461 0.000720
product 73 64 0.027027 0.023398
products 6 8 0.002557 0.003240
program 1 1 0.000730 0.000720
prompt 2 0 0.001096 0.000360
proof 2 0 0.001096 0.000360
properly 2 5 0.001096 0.002160
protect 3 1 0.001461 0.000720
protection 1 1 0.000730 0.000720
proud 2 0 0.001096 0.000360
provide 1 1 0.000730 0.000720
provided 2 1 0.001096 0.000720
public 2 0 0.001096 0.000360
purchase 4 6 0.001826 0.002520
purchased 2 6 0.001096 0.002520
purpose 1 2 0.000730 0.001080
put 3 3 0.001461 0.001440
qdk 0 2 0.000365 0.001080
quality 24 23 0.009131 0.008639
quantity 2 0 0.001096 0.000360
question 1 3 0.000730 0.001440
quite 3 0 0.001461 0.000360
quiz 1 1 0.000730 0.000720
range 2 0 0.001096 0.000360
rather 0 4 0.000365 0.001800
reach 2 0 0.001096 0.000360
reached 2 0 0.001096 0.000360
read 4 3 0.001826 0.001440
reading 3 0 0.001461 0.000360
real 2 7 0.001096 0.002880
really 17 4 0.006574 0.001800
reasonable 6 0 0.002557 0.000360
received 5 8 0.002191 0.003240
recently 2 0 0.001096 0.000360
recommend 4 5 0.001826 0.002160
recommended 3 0 0.001461 0.000360
recommending 1 1 0.000730 0.000720
reduced 0 3 0.000365 0.001440
refreshing 3 1 0.001461 0.000720
refugees 0 2 0.000365 0.001080
refund 0 2 0.000365 0.001080
regarding 1 1 0.000730 0.000720
regular 1 2 0.000730 0.001080
removal 2 0 0.001096 0.000360
remove 0 3 0.000365 0.001440
removed 1 2 0.000730 0.001080
removes 3 0 0.001461 0.000360
repeated 0 2 0.000365 0.001080
replaced 1 1 0.000730 0.000720
replacement 1 2 0.000730 0.001080
results 1 2 0.000730 0.001080
return 0 8 0.000365 0.003240
returned 0 3 0.000365 0.001440
review 2 1 0.001096 0.000720
reviews 5 3 0.002191 0.001440
rice 1 1 0.000730 0.000720
right 7 1 0.002922 0.000720
rinse 2 0 0.001096 0.000360
risk 1 1 0.000730 0.000720
room 6 1 0.002557 0.000720
rough 2 0 0.001096 0.000360
rs 2 5 0.001096 0.002160
ruined 0 4 0.000365 0.001800
rupees 1 1 0.000730 0.000720
rusted 0 2 0.000365 0.001080
s 21 11 0.008035 0.004320
sad 0 6 0.000365 0.002520
said 1 1 0.000730 0.000720
same 5 4 0.002191 0.001800
sarees 2 0 0.001096 0.000360
satisfied 7 2 0.002922 0.001080
saw 0 2 0.000365 0.001080
saying 1 3 0.000730 0.001440
school 3 0 0.001461 0.000360
screen 1 2 0.000730 0.001080
screw 0 2 0.000365 0.001080
seal 0 3 0.000365 0.001440
sealed 1 1 0.000730 0.000720
search 3 0 0.001461 0.000360
season 1 1 0.000730 0.000720
second 3 1 0.001461 0.000720
security 3 0 0.001461 0.000360
seeing 2 0 0.001096 0.000360
seems 2 2 0.001096 0.001080
seen 1 4 0.000730 0.001800
selected 0 2 0.000365 0.001080
selfie 1 1 0.000730 0.000720
selfish 0 2 0.000365 0.001080
seller 2 4 0.001096 0.001800
selling 0 2 0.000365 0.001080
sent 0 2 0.000365 0.001080
september 1 1 0.000730 0.000720
serve 0 2 0.000365 0.001080
service 2 9 0.001096 0.003600
set 4 1 0.001826 0.000720
shaldan 1 1 0.000730 0.000720
shame 0 2 0.000365 0.001080
shampoo 3 1 0.001461 0.000720
shampoos 2 0 0.001096 0.000360
shape 1 2 0.000730 0.001080
shave 1 2 0.000730 0.001080
shaving 3 0 0.001461 0.000360
shell 1 1 0.000730 0.000720
shine 2 0 0.001096 0.000360
shop 3 1 0.001461 0.000720
shopclues 2 0 0.001096 0.000360
shoppers 2 0 0.001096 0.000360
shopping 4 3 0.001826 0.001440
should 4 8 0.001826 0.003240
show 2 2 0.001096 0.001080
shown 4 4 0.001826 0.001800
shows 1 1 0.000730 0.000720
side 3 1 0.001461 0.000720
similar 2 0 0.001096 0.000360
simply 2 4 0.001096 0.001800
since 4 1 0.001826 0.000720
single 0 2 0.000365 0.001080
sites 2 3 0.001096 0.001440
situation 1 3 0.000730 0.001440
size 8 9 0.003287 0.003600
sizes 1 1 0.000730 0.000720
skin 7 5 0.002922 0.002160
sleep 1 1 0.000730 0.000720
small 4 8 0.001826 0.003240
smell 4 7 0.001826 0.002880
smells 0 2 0.000365 0.001080
smooth 4 0 0.001826 0.000360
snapdeal 1 1 0.000730 0.000720
soap 3 0 0.001461 0.000360
society 1 1 0.000730 0.000720
softer 3 0 0.001461 0.000360
sold 1 1 0.000730 0.000720
sole 0 2 0.000365 0.001080
solid 2 0 0.001096 0.000360
someone 1 2 0.000730 0.001080
something 4 0 0.001826 0.000360
song 8 2 0.003287 0.001080
soon 0 3 0.000365 0.001440
sorry 0 3 0.000365 0.001440
sound 4 4 0.001826 0.001800
sounds 4 0 0.001826 0.000360
source 1 1 0.000730 0.000720
speakers 3 0 0.001461 0.000360
speed 0 2 0.000365 0.001080
spend 1 1 0.000730 0.000720
spoiling 1 1 0.000730 0.000720
spots 1 1 0.000730 0.000720
stainless 1 2 0.000730 0.001080
stains 0 2 0.000365 0.001080
standard 1 1 0.000730 0.000720
standards 2 0 0.001096 0.000360
star 2 1 0.001096 0.000720
start 5 0 0.002191 0.000360
started 2 1 0.001096 0.000720
starts 0 2 0.000365 0.001080
state 1 1 0.000730 0.000720
statement 2 0 0.001096 0.000360
stations 0 2 0.000365 0.001080
stays 1 1 0.000730 0.000720
steel 1 3 0.000730 0.001440
sticky 1 2 0.000730 0.001080
still 4 7 0.001826 0.002880
stop 0 4 0.000365 0.001800
stopped 1 2 0.000730 0.001080
storage 1 2 0.000730 0.001080
store 2 2 0.001096 0.001080
story 1 3 0.000730 0.001440
strong 3 0 0.001461 0.000360
stuff 2 3 0.001096 0.001440
stupid 0 4 0.000365 0.001800
sturdy 2 0 0.001096 0.000360
such 3 5 0.001461 0.002160
suction 2 0 0.001096 0.000360
suggest 2 0 0.001096 0.000360
suit 0 2 0.000365 0.001080
suits 3 0 0.001461 0.000360
summer 2 0 0.001096 0.000360
super 4 0 0.001826 0.000360
superb 5 0 0.002191 0.000360
support 0 5 0.000365 0.002160
supposed 1 2 0.000730 0.001080
surprise 2 0 0.001096 0.000360
system 2 4 0.001096 0.001800
t 5 16 0.002191 0.006120
take 0 4 0.000365 0.001800
taken 1 1 0.000730 0.000720
takes 1 1 0.000730 0.000720
taking 2 2 0.001096 0.001080
tapes 1 1 0.000730 0.000720
taste 4 1 0.001826 0.000720
tea 1 2 0.000730 0.001080
teachers 2 0 0.001096 0.000360
team's 1 1 0.000730 0.000720
temple 1 1 0.000730 0.000720
ten 1 1 0.000730 0.000720
thank 5 0 0.002191 0.000360
thanks 9 1 0.003652 0.000720
that's 2 1 0.001096 0.000720
thats 0 2 0.000365 0.001080
they're 2 1 0.001096 0.000720
thick 2 2 0.001096 0.001080
thin 1 2 0.000730 0.001080
thing 3 1 0.001461 0.000720
things 0 3 0.000365 0.001440
those 6 4 0.002557 0.001800
though 5 6 0.002191 0.002520
thought 2 5 0.001096 0.002160
three 0 2 0.000365 0.001080
throw 0 4 0.000365 0.001800
tight 2 2 0.001096 0.001080
till 3 0 0.001461 0.000360
time 15 16 0.005844 0.006120
times 2 6 0.001096 0.002520
tissues 1 1 0.000730 0.000720
today 4 0 0.001826 0.000360
together 4 0 0.001826 0.000360
toner 2 0 0.001096 0.000360
too 14 11 0.005478 0.004320
tool 2 0 0.001096 0.000360
top 0 2 0.000365 0.001080
total 1 3 0.000730 0.001440
totally 6 5 0.002557 0.002160
touch 1 1 0.000730 0.000720
trailer 6 2 0.002557 0.001080
transfers 0 2 0.000365 0.001080
tresemme 2 2 0.001096 0.001080
tried 4 1 0.001826 0.000720
tripod 2 0 0.001096 0.000360
true 2 0 0.001096 0.000360
truly 4 0 0.001826 0.000360
try 2 3 0.001096 0.001440
trying 1 1 0.000730 0.000720
turned 1 1 0.000730 0.000720
turns 1 1 0.000730 0.000720
tweezer 1 1 0.000730 0.000720
twice 1 3 0.000730 0.001440
types 1 1 0.000730 0.000720
under 2 5 0.001096 0.002160
understand 3 3 0.001461 0.001440
update 0 2 0.000365 0.001080
upgraded 0 2 0.000365 0.001080
upset 0 2 0.000365 0.001080
usage 2 1 0.001096 0.000720
used 13 12 0.005113 0.004680
useful 4 2 0.001826 0.001080
useless 0 4 0.000365 0.001800
user 2 0 0.001096 0.000360
using 14 8 0.005478 0.003240
usually 2 1 0.001096 0.000720
vacuum 1 1 0.000730 0.000720
value 7 0 0.002922 0.000360
vegetable 2 0 0.001096 0.000360
version 1 1 0.000730 0.000720
very 66 34 0.024470 0.012599
video 2 1 0.001096 0.000720
videos 1 1 0.000730 0.000720
view 2 1 0.001096 0.000720
virgin 0 2 0.000365 0.001080
voice 2 1 0.001096 0.000720
waiting 2 0 0.001096 0.000360
wake 1 2 0.000730 0.001080
wall 1 2 0.000730 0.001080
wanted 1 1 0.000730 0.000720
warranty 1 2 0.000730 0.001080
wash 5 0 0.002191 0.000360
wastage 1 2 0.000730 0.001080
waste 1 18 0.000730 0.006839
watch 2 0 0.001096 0.000360
watching 2 1 0.001096 0.000720
water 6 5 0.002557 0.002160
wear 2 1 0.001096 0.000720
website 3 0 0.001461 0.000360
week 2 5 0.001096 0.002160
weeks 2 1 0.001096 0.000720
weight 4 2 0.001826 0.001080
weird 0 2 0.000365 0.001080
went 3 0 0.001461 0.000360
were 2 5 0.001096 0.002160
weren't 0 2 0.000365 0.001080
western 2 0 0.001096 0.000360
wheels 2 0 0.001096 0.000360
whenever 1 1 0.000730 0.000720
where 1 1 0.000730 0.000720
whereas 0 2 0.000365 0.001080
while 2 7 0.001096 0.002880
whiteheads 1 1 0.000730 0.000720
whitening 0 2 0.000365 0.001080
whom 2 0 0.001096 0.000360
whose 0 2 0.000365 0.001080
why 2 8 0.001096 0.003240
wi 1 1 0.000730 0.000720
win 3 0 0.001461 0.000360
wipe 2 0 0.001096 0.000360
wish 3 2 0.001461 0.001080
within 1 8 0.000730 0.003240
without 9 6 0.003652 0.002520
women 3 1 0.001461 0.000720
won 3 2 0.001461 0.001080
won't 1 1 0.000730 0.000720
wonder 1 1 0.000730 0.000720
worked 0 2 0.000365 0.001080
working 4 8 0.001826 0.003240
works 7 7 0.002922 0.002880
world 2 0 0.001096 0.000360
worse 0 4 0.000365 0.001800
worst 0 7 0.000365 0.002880
worth 12 3 0.004748 0.001440
write 2 0 0.001096 0.000360
wrong 0 4 0.000365 0.001800
years 3 6 0.001461 0.002520
yes 1 1 0.000730 0.000720
yet 4 1 0.001826 0.000720
you're 1 1 0.000730 0.000720
youtube 1 1 0.000730 0.000720
